36.806
19.457
45.029
27.462
38.617
39.232
40.054
28.262
25.760
50.573
37.895
54.976
42.345
46.830
36.042
45.619
25.161
14.384
21.164
44.001
46.332
36.908
33.609
20.363
33.833
45.503
26.422
48.759
42.943
35.356
38.726
25.330
29.140
22.911
42.260
37.549
25.707
28.410
38.992
26.944
35.211
27.168
48.062
25.667
51.617
21.713
29.300
26.272
21.323
31.618
21.955
46.831
16.580
41.773
20.525
45.700
21.046
25.068
51.128
46.641
38.088
41.620
46.222
42.565
14.063
17.108
31.105
36.648
28.624
21.949
39.045
30.091
48.886
32.090
36.839
34.707
45.152
29.316
49.866
44.297
44.197
34.499
43.894
22.177
38.489
28.158
21.199
42.728
25.068
51.733
49.448
42.511
43.798
34.630
26.295
49.406
53.163
20.804
35.790
37.942
30.926
37.669
45.423
33.392
39.289
15.684
34.108
40.080
44.090
20.908
43.463
25.522
23.337
35.531
36.053
26.231
17.357
38.538
22.753
28.418
22.617
44.430
51.663
17.939
50.165
38.688
34.563
32.710
44.681
39.881
20.819
21.933
35.720
12.974
23.119
34.913
45.412
21.448
40.887
59.110
37.683
57.156
34.868
18.891
25.244
30.218
46.872
31.783
25.503
43.385
39.233
42.946
21.300
41.913
51.438
20.159
56.833
54.626
26.194
34.041
17.262
35.367
49.815
13.284
23.804
27.326
41.993
30.883
34.488
30.857
33.112
44.651
38.030
42.119
22.754
36.970
25.179
22.062
45.008
44.903
40.748
23.445
42.472
37.583
40.748
45.070
25.200
44.199
43.113
24.337
36.739
29.084
18.864
20.664
29.217
13.963
19.217
34.273
53.110
55.078
