38.832718
21.222061
46.59461
28.874893
39.80169
39.37802
39.47738
29.909588
24.03236
49.593872
39.67183
51.815254
37.46318
48.8491
36.68886
47.68315
25.904259
13.999656
20.714443
44.312405
48.288406
36.962112
30.338867
22.296074
34.93187
44.4279
27.989319
50.086613
44.459908
32.512512
38.606003
27.620823
31.132744
24.972267
43.49098
38.536377
25.034618
24.71032
38.928772
27.62045
35.42517
28.74643
49.4375
27.41785
50.365604
19.33329
31.094166
26.004807
22.561523
29.721733
20.511192
44.732864
18.63176
38.80558
18.95467
47.33244
22.928272
25.345333
52.540573
47.292835
39.63664
40.978264
48.399853
37.83776
12.456668
16.987694
29.157688
38.320248
27.790604
19.817902
34.5052
30.878109
45.419044
34.302654
38.00382
33.519413
46.341526
31.533775
51.29593
45.094334
45.465008
36.071075
44.195835
20.71119
40.586914
28.961071
23.123112
44.640675
26.600353
53.097454
51.181057
43.262093
44.66047
33.38569
27.956669
51.189293
53.692986
21.542301
37.803364
39.255424
28.514347
36.29106
45.27308
34.160374
41.27841
15.649764
34.073895
36.883682
43.34294
21.417328
44.930107
26.481453
24.811188
35.41969
33.85622
28.322414
19.1221
39.218338
25.15453
28.568905
24.082726
45.69493
52.818565
20.317406
45.517418
40.01605
32.83556
31.456303
46.26698
40.006004
23.090736
23.178883
37.53008
12.161938
25.394562
36.706387
45.36105
21.70517
39.62812
54.31662
35.35503
52.265503
36.569378
20.575623
23.983788
31.579498
46.362038
29.248669
22.406487
44.02147
36.226204
44.079678
23.085865
42.146553
51.826828
20.435925
53.531883
51.50203
26.06108
33.006306
16.945812
35.22027
45.11543
12.893401
23.082031
29.105762
39.908504
28.41581
32.372005
32.513798
32.55125
45.323986
33.521816
39.98926
24.547722
33.838318
26.966667
23.512352
46.111332
45.92953
38.394135
25.316994
41.648445
35.190804
38.394135
46.136593
23.475254
45.824238
45.327904
23.736908
37.83959
28.460552
17.498829
19.970196
30.131466
12.075865
18.340694
31.917091
52.19702
55.005615
