6.000 0.800 1.600 2.000
1.000 0.100 1.600 9.000
8.000 0.800 1.800 4.000
2.000 0.800 1.900 4.000
8.000 0.800 1.000 2.000
5.000 0.600 2.100 5.000
9.000 0.900 0.600 4.000
3.000 0.400 1.800 7.000
5.000 0.700 0.300 10.000
8.000 0.700 2.200 7.000
8.000 0.400 1.100 6.000
8.000 0.800 2.400 4.000
3.000 0.800 2.500 1.000
10.000 0.100 1.500 6.000
8.000 0.200 0.800 9.000
10.000 0.500 1.300 10.000
4.000 0.900 0.800 4.000
1.000 0.400 0.600 1.000
3.000 1.000 0.500 6.000
10.000 0.900 0.800 4.000
10.000 0.700 1.300 3.000
8.000 0.700 0.700 2.000
1.000 1.000 2.400 7.000
1.000 0.700 1.500 1.000
7.000 0.400 0.900 3.000
6.000 1.000 2.200 3.000
2.000 0.900 1.800 7.000
9.000 0.900 1.800 2.000
9.000 0.900 1.200 7.000
2.000 0.500 2.400 4.000
5.000 0.200 2.100 3.000
3.000 0.500 1.500 6.000
5.000 0.400 1.200 5.000
2.000 0.400 1.600 8.000
9.000 0.200 1.200 1.000
8.000 0.700 0.900 4.000
5.000 0.300 0.500 4.000
6.000 0.200 0.100 1.000
5.000 0.300 2.100 2.000
5.000 0.300 0.800 3.000
7.000 1.000 0.800 2.000
3.000 0.100 1.700 2.000
9.000 0.800 1.800 7.000
4.000 0.100 1.200 6.000
8.000 1.000 2.200 6.000
4.000 0.300 0.200 4.000
5.000 0.300 1.200 2.000
1.000 0.100 2.100 2.000
3.000 0.100 1.000 6.000
1.000 1.000 2.300 4.000
4.000 0.100 0.400 9.000
6.000 0.900 2.300 7.000
1.000 0.400 1.200 5.000
4.000 0.600 2.400 6.000
3.000 1.000 0.300 8.000
10.000 0.800 1.200 10.000
1.000 0.600 1.600 1.000
4.000 1.000 0.700 5.000
10.000 1.000 1.700 2.000
8.000 0.400 2.000 7.000
8.000 0.300 1.100 2.000
10.000 0.500 0.500 7.000
10.000 0.400 1.400 9.000
3.000 1.000 2.500 2.000
1.000 1.000 0.200 5.000
2.000 0.100 0.700 2.000
7.000 0.100 0.300 8.000
6.000 0.200 1.700 2.000
5.000 1.000 0.600 1.000
4.000 0.500 0.200 6.000
2.000 0.900 2.500 2.000
6.000 0.400 0.800 5.000
6.000 0.600 2.400 1.000
5.000 0.700 1.500 6.000
8.000 0.400 0.900 5.000
8.000 0.300 0.400 7.000
8.000 0.300 1.900 5.000
4.000 0.400 1.600 4.000
10.000 0.800 1.600 1.000
10.000 0.300 1.000 1.000
10.000 0.700 1.000 10.000
5.000 0.400 1.800 10.000
10.000 0.900 0.800 7.000
4.000 0.100 0.400 3.000
7.000 0.300 1.600 7.000
2.000 0.400 2.000 2.000
1.000 0.600 1.700 9.000
8.000 0.300 1.700 5.000
4.000 0.100 1.100 5.000
10.000 0.900 1.800 3.000
10.000 0.400 1.700 2.000
10.000 0.300 0.800 5.000
7.000 1.000 1.900 6.000
8.000 0.200 0.400 6.000
4.000 0.800 1.100 6.000
10.000 0.900 1.600 5.000
10.000 1.000 1.900 9.000
3.000 0.400 0.800 3.000
7.000 0.200 1.300 9.000
8.000 0.700 1.000 8.000
7.000 0.200 0.200 7.000
9.000 0.100 0.400 8.000
7.000 0.600 2.100 9.000
4.000 0.300 1.900 1.000
7.000 0.700 1.600 7.000
1.000 0.900 0.600 1.000
7.000 0.900 0.700 5.000
3.000 1.000 2.400 3.000
6.000 0.600 2.200 5.000
3.000 0.700 0.700 5.000
10.000 0.300 1.000 6.000
4.000 0.900 0.900 7.000
3.000 1.000 1.000 5.000
8.000 0.400 0.600 6.000
8.000 0.900 0.300 3.000
3.000 0.500 1.600 8.000
1.000 1.000 1.000 2.000
5.000 0.800 2.000 2.000
2.000 0.700 1.500 4.000
2.000 0.200 2.000 1.000
3.000 0.700 1.000 2.000
10.000 0.700 1.000 3.000
10.000 0.500 1.900 9.000
1.000 0.700 1.300 5.000
6.000 0.300 2.500 2.000
6.000 0.900 1.700 1.000
8.000 0.400 0.300 7.000
2.000 1.000 2.200 10.000
8.000 1.000 1.700 3.000
9.000 0.700 0.700 3.000
2.000 0.600 1.300 5.000
3.000 0.700 0.900 3.000
7.000 0.400 1.200 2.000
1.000 0.400 0.400 4.000
2.000 0.400 1.600 3.000
5.000 0.500 1.800 3.000
7.000 0.400 2.100 2.000
3.000 0.900 0.700 10.000
10.000 0.200 0.400 7.000
9.000 0.200 2.500 8.000
9.000 0.500 0.200 5.000
8.000 0.800 2.500 9.000
7.000 0.500 1.100 10.000
2.000 0.300 1.100 7.000
5.000 0.300 0.400 10.000
3.000 0.700 1.900 6.000
7.000 0.800 2.100 1.000
7.000 0.700 0.200 10.000
5.000 0.200 0.200 1.000
7.000 0.300 2.000 6.000
9.000 1.000 0.200 4.000
10.000 0.300 0.900 6.000
2.000 1.000 1.200 10.000
10.000 0.200 0.700 8.000
9.000 0.900 2.000 2.000
3.000 0.400 0.700 9.000
9.000 0.200 2.400 6.000
8.000 0.700 2.400 5.000
5.000 0.400 0.600 4.000
3.000 0.300 2.200 9.000
2.000 0.800 0.500 8.000
8.000 0.300 0.600 7.000
6.000 0.200 2.500 4.000
1.000 0.100 0.600 5.000
4.000 0.400 0.600 1.000
3.000 0.900 1.600 10.000
10.000 0.800 0.300 3.000
7.000 0.200 0.200 10.000
2.000 0.700 2.300 1.000
4.000 1.000 1.600 9.000
3.000 0.200 2.100 1.000
7.000 0.800 2.000 3.000
2.000 0.700 2.500 8.000
5.000 0.200 2.300 9.000
3.000 0.200 1.200 3.000
9.000 0.100 0.100 5.000
2.000 0.400 1.800 5.000
3.000 0.100 1.100 3.000
10.000 0.400 1.100 1.000
10.000 0.900 1.000 6.000
10.000 0.500 0.200 8.000
3.000 0.700 1.200 8.000
6.000 0.100 2.100 1.000
9.000 0.500 0.200 10.000
10.000 0.500 0.200 8.000
10.000 0.900 1.000 3.000
5.000 0.400 0.300 5.000
8.000 0.500 1.800 5.000
9.000 0.400 1.400 7.000
4.000 1.000 0.500 5.000
8.000 0.400 0.900 10.000
6.000 0.500 0.500 6.000
3.000 0.200 0.400 10.000
3.000 0.400 0.600 1.000
3.000 0.100 1.900 8.000
1.000 1.000 0.200 10.000
3.000 0.100 0.500 5.000
8.000 0.300 0.200 4.000
9.000 0.400 2.200 5.000
10.000 0.900 2.000 1.000
